              precision    recall  f1-score   support

       038.9     0.5000    0.5086    0.5043       116
       244.9     0.7812    0.9722    0.8663       180
      250.00     0.7562    0.8478    0.7993       289
       272.0     0.6879    0.6424    0.6644       151
       272.4     0.6966    0.9137    0.7905       475
       276.1     0.6509    0.5349    0.5872       129
       276.2     0.4959    0.3631    0.4192       168
       285.1     0.6759    0.5185    0.5868       189
       285.9     0.4000    0.1048    0.1660       210
       287.5     0.6000    0.4348    0.5042       138
       305.1     0.5076    0.5988    0.5495       167
         311     0.6646    0.5978    0.6294       179
       33.24     0.6190    0.5417    0.5778        96
       36.15     0.9574    0.9783    0.9677       138
       37.22     0.7431    0.8438    0.7902        96
       37.23     0.6897    0.4167    0.5195        48
       38.91     0.4909    0.2093    0.2935       129
       38.93     0.5550    0.6817    0.6119       333
       39.61     0.9541    1.0000    0.9765       208
       39.95     0.8113    0.9773    0.8866        88
       401.9     0.7736    0.9266    0.8432       708
      403.90     0.5848    0.8086    0.6788       162
      410.71     0.5612    0.7746    0.6509        71
         412     0.6047    0.6964    0.6473       112
      414.01     0.8705    0.8660    0.8682       388
       424.0     0.6667    0.5278    0.5891        72
      427.31     0.8897    0.9571    0.9221       396
       428.0     0.7971    0.8279    0.8122       337
       45.13     0.5698    0.5976    0.5833        82
         486     0.6458    0.5849    0.6139       159
         496     0.7218    0.7385    0.7300       130
       507.0     0.5714    0.7579    0.6516        95
       511.9     0.4028    0.3412    0.3694        85
      518.81     0.6980    0.5551    0.6184       254
      530.81     0.7319    0.8593    0.7905       270
       584.9     0.5863    0.7911    0.6735       292
       585.9     0.5381    0.7533    0.6278       150
       599.0     0.7487    0.6963    0.7215       214
       88.56     0.6811    0.9403    0.7900       134
       88.72     0.7200    0.3750    0.4932        96
       96.04     0.6000    0.6579    0.6276       228
        96.6     0.7455    0.7422    0.7439       225
       96.71     0.7347    0.6338    0.6805       284
       96.72     0.5938    0.6786    0.6333       140
       99.04     0.2200    0.4074    0.2857        54
       99.15     0.7347    0.6545    0.6923        55
      995.92     0.6099    0.6418    0.6255       134
      V15.82     0.5000    0.0064    0.0126       157
      V45.81     0.8557    0.8646    0.8601        96
      V58.61     0.7152    0.6420    0.6766       176

   micro avg     0.6941    0.7126    0.7032      9283
   macro avg     0.6582    0.6598    0.6441      9283
weighted avg     0.6877    0.7126    0.6872      9283
 samples avg     0.6892    0.7196    0.6785      9283
